RRN: 0
Nivel: 1
N: 3
C:  1 2 3 -1 -1 
Pr: 0 1 2 -1 -1 
P:  -1 -1 -1 -1 -1 -1 

RRN: 1
Nivel: 1
N: 3
C:  5 6 7 -1 -1 
Pr: 4 5 6 -1 -1 
P:  -1 -1 -1 -1 -1 -1 

RRN: 2
Nivel: 2
N: 3
C:  4 8 12 -1 -1 
Pr: 3 7 11 -1 -1 
P:  0 1 3 4 -1 -1 

RRN: 3
Nivel: 1
N: 3
C:  9 10 11 -1 -1 
Pr: 8 9 10 -1 -1 
P:  -1 -1 -1 -1 -1 -1 

RRN: 4
Nivel: 1
N: 3
C:  13 14 15 -1 -1 
Pr: 12 13 14 -1 -1 
P:  -1 -1 -1 -1 -1 -1 

RRN: 5
Nivel: 1
N: 3
C:  17 18 19 -1 -1 
Pr: 16 17 18 -1 -1 
P:  -1 -1 -1 -1 -1 -1 

RRN: 6
Nivel: 1
N: 3
C:  21 22 23 -1 -1 
Pr: 20 21 22 -1 -1 
P:  -1 -1 -1 -1 -1 -1 

RRN: 7
Nivel: 1
N: 3
C:  25 26 27 -1 -1 
Pr: 24 25 26 -1 -1 
P:  -1 -1 -1 -1 -1 -1 

RRN: 8
Nivel: 2
N: 3
C:  20 24 28 -1 -1 
Pr: 19 23 27 -1 -1 
P:  5 6 7 10 -1 -1 

RRN: 9
Nivel: 3
N: 3
C:  16 32 48 -1 -1 
Pr: 15 31 47 -1 -1 
P:  2 8 14 19 -1 -1 

RRN: 10
Nivel: 1
N: 3
C:  29 30 31 -1 -1 
Pr: 28 29 30 -1 -1 
P:  -1 -1 -1 -1 -1 -1 

RRN: 11
Nivel: 1
N: 3
C:  33 34 35 -1 -1 
Pr: 32 33 34 -1 -1 
P:  -1 -1 -1 -1 -1 -1 

RRN: 12
Nivel: 1
N: 3
C:  37 38 39 -1 -1 
Pr: 36 37 38 -1 -1 
P:  -1 -1 -1 -1 -1 -1 

RRN: 13
Nivel: 1
N: 3
C:  41 42 43 -1 -1 
Pr: 40 41 42 -1 -1 
P:  -1 -1 -1 -1 -1 -1 

RRN: 14
Nivel: 2
N: 3
C:  36 40 44 -1 -1 
Pr: 35 39 43 -1 -1 
P:  11 12 13 15 -1 -1 

RRN: 15
Nivel: 1
N: 3
C:  45 46 47 -1 -1 
Pr: 44 45 46 -1 -1 
P:  -1 -1 -1 -1 -1 -1 

RRN: 16
Nivel: 1
N: 3
C:  49 50 51 -1 -1 
Pr: 48 49 50 -1 -1 
P:  -1 -1 -1 -1 -1 -1 

RRN: 17
Nivel: 1
N: 3
C:  53 54 55 -1 -1 
Pr: 52 53 54 -1 -1 
P:  -1 -1 -1 -1 -1 -1 

RRN: 18
Nivel: 1
N: 3
C:  57 58 59 -1 -1 
Pr: 56 57 58 -1 -1 
P:  -1 -1 -1 -1 -1 -1 

RRN: 19
Nivel: 2
N: 3
C:  52 56 60 -1 -1 
Pr: 51 55 59 -1 -1 
P:  16 17 18 20 -1 -1 

RRN: 20
Nivel: 1
N: 3
C:  61 62 63 -1 -1 
Pr: 60 61 62 -1 -1 
P:  -1 -1 -1 -1 -1 -1 

RRN: 21
Nivel: 1
N: 3
C:  65 66 67 -1 -1 
Pr: 64 65 66 -1 -1 
P:  -1 -1 -1 -1 -1 -1 

RRN: 22
Nivel: 1
N: 3
C:  69 70 71 -1 -1 
Pr: 68 69 70 -1 -1 
P:  -1 -1 -1 -1 -1 -1 

RRN: 23
Nivel: 1
N: 3
C:  73 74 75 -1 -1 
Pr: 72 73 74 -1 -1 
P:  -1 -1 -1 -1 -1 -1 

RRN: 24
Nivel: 2
N: 3
C:  68 72 76 -1 -1 
Pr: 67 71 75 -1 -1 
P:  21 22 23 25 -1 -1 

RRN: 25
Nivel: 1
N: 3
C:  77 78 79 -1 -1 
Pr: 76 77 78 -1 -1 
P:  -1 -1 -1 -1 -1 -1 

RRN: 26
Nivel: 1
N: 3
C:  81 82 83 -1 -1 
Pr: 80 81 82 -1 -1 
P:  -1 -1 -1 -1 -1 -1 

RRN: 27
Nivel: 1
N: 3
C:  85 86 87 -1 -1 
Pr: 84 85 86 -1 -1 
P:  -1 -1 -1 -1 -1 -1 

RRN: 28
Nivel: 1
N: 3
C:  89 90 91 -1 -1 
Pr: 88 89 90 -1 -1 
P:  -1 -1 -1 -1 -1 -1 

RRN: 29
Nivel: 2
N: 3
C:  84 88 92 -1 -1 
Pr: 83 87 91 -1 -1 
P:  26 27 28 30 -1 -1 

RRN: 30
Nivel: 1
N: 3
C:  93 94 95 -1 -1 
Pr: 92 93 94 -1 -1 
P:  -1 -1 -1 -1 -1 -1 

RRN: 31
Nivel: 1
N: 3
C:  97 98 99 -1 -1 
Pr: 96 97 98 -1 -1 
P:  -1 -1 -1 -1 -1 -1 

RRN: 32
Nivel: 1
N: 3
C:  101 102 103 -1 -1 
Pr: 100 101 102 -1 -1 
P:  -1 -1 -1 -1 -1 -1 

RRN: 33
Nivel: 1
N: 3
C:  105 106 107 -1 -1 
Pr: 104 105 106 -1 -1 
P:  -1 -1 -1 -1 -1 -1 

RRN: 34
Nivel: 2
N: 3
C:  100 104 108 -1 -1 
Pr: 99 103 107 -1 -1 
P:  31 32 33 37 -1 -1 

RRN: 35
Nivel: 3
N: 3
C:  80 96 112 -1 -1 
Pr: 79 95 111 -1 -1 
P:  24 29 34 41 -1 -1 

RRN: 36
Nivel: 4
N: 3
C:  64 128 192 -1 -1 
Pr: 63 127 191 -1 -1 
P:  9 35 57 78 -1 -1 

RRN: 37
Nivel: 1
N: 3
C:  109 110 111 -1 -1 
Pr: 108 109 110 -1 -1 
P:  -1 -1 -1 -1 -1 -1 

RRN: 38
Nivel: 1
N: 3
C:  113 114 115 -1 -1 
Pr: 112 113 114 -1 -1 
P:  -1 -1 -1 -1 -1 -1 

RRN: 39
Nivel: 1
N: 3
C:  117 118 119 -1 -1 
Pr: 116 117 118 -1 -1 
P:  -1 -1 -1 -1 -1 -1 

RRN: 40
Nivel: 1
N: 3
C:  121 122 123 -1 -1 
Pr: 120 121 122 -1 -1 
P:  -1 -1 -1 -1 -1 -1 

RRN: 41
Nivel: 2
N: 3
C:  116 120 124 -1 -1 
Pr: 115 119 123 -1 -1 
P:  38 39 40 42 -1 -1 

RRN: 42
Nivel: 1
N: 3
C:  125 126 127 -1 -1 
Pr: 124 125 126 -1 -1 
P:  -1 -1 -1 -1 -1 -1 

RRN: 43
Nivel: 1
N: 3
C:  129 130 131 -1 -1 
Pr: 128 129 130 -1 -1 
P:  -1 -1 -1 -1 -1 -1 

RRN: 44
Nivel: 1
N: 3
C:  133 134 135 -1 -1 
Pr: 132 133 134 -1 -1 
P:  -1 -1 -1 -1 -1 -1 

RRN: 45
Nivel: 1
N: 3
C:  137 138 139 -1 -1 
Pr: 136 137 138 -1 -1 
P:  -1 -1 -1 -1 -1 -1 

RRN: 46
Nivel: 2
N: 3
C:  132 136 140 -1 -1 
Pr: 131 135 139 -1 -1 
P:  43 44 45 47 -1 -1 

RRN: 47
Nivel: 1
N: 3
C:  141 142 143 -1 -1 
Pr: 140 141 142 -1 -1 
P:  -1 -1 -1 -1 -1 -1 

RRN: 48
Nivel: 1
N: 3
C:  145 146 147 -1 -1 
Pr: 144 145 146 -1 -1 
P:  -1 -1 -1 -1 -1 -1 

RRN: 49
Nivel: 1
N: 3
C:  149 150 151 -1 -1 
Pr: 148 149 150 -1 -1 
P:  -1 -1 -1 -1 -1 -1 

RRN: 50
Nivel: 1
N: 3
C:  153 154 155 -1 -1 
Pr: 152 153 154 -1 -1 
P:  -1 -1 -1 -1 -1 -1 

RRN: 51
Nivel: 2
N: 3
C:  148 152 156 -1 -1 
Pr: 147 151 155 -1 -1 
P:  48 49 50 52 -1 -1 

RRN: 52
Nivel: 1
N: 3
C:  157 158 159 -1 -1 
Pr: 156 157 158 -1 -1 
P:  -1 -1 -1 -1 -1 -1 

RRN: 53
Nivel: 1
N: 3
C:  161 162 163 -1 -1 
Pr: 160 161 162 -1 -1 
P:  -1 -1 -1 -1 -1 -1 

RRN: 54
Nivel: 1
N: 3
C:  165 166 167 -1 -1 
Pr: 164 165 166 -1 -1 
P:  -1 -1 -1 -1 -1 -1 

RRN: 55
Nivel: 1
N: 3
C:  169 170 171 -1 -1 
Pr: 168 169 170 -1 -1 
P:  -1 -1 -1 -1 -1 -1 

RRN: 56
Nivel: 2
N: 3
C:  164 168 172 -1 -1 
Pr: 163 167 171 -1 -1 
P:  53 54 55 58 -1 -1 

RRN: 57
Nivel: 3
N: 3
C:  144 160 176 -1 -1 
Pr: 143 159 175 -1 -1 
P:  46 51 56 62 -1 -1 

RRN: 58
Nivel: 1
N: 3
C:  173 174 175 -1 -1 
Pr: 172 173 174 -1 -1 
P:  -1 -1 -1 -1 -1 -1 

RRN: 59
Nivel: 1
N: 3
C:  177 178 179 -1 -1 
Pr: 176 177 178 -1 -1 
P:  -1 -1 -1 -1 -1 -1 

RRN: 60
Nivel: 1
N: 3
C:  181 182 183 -1 -1 
Pr: 180 181 182 -1 -1 
P:  -1 -1 -1 -1 -1 -1 

RRN: 61
Nivel: 1
N: 3
C:  185 186 187 -1 -1 
Pr: 184 185 186 -1 -1 
P:  -1 -1 -1 -1 -1 -1 

RRN: 62
Nivel: 2
N: 3
C:  180 184 188 -1 -1 
Pr: 179 183 187 -1 -1 
P:  59 60 61 63 -1 -1 

RRN: 63
Nivel: 1
N: 3
C:  189 190 191 -1 -1 
Pr: 188 189 190 -1 -1 
P:  -1 -1 -1 -1 -1 -1 

RRN: 64
Nivel: 1
N: 3
C:  193 194 195 -1 -1 
Pr: 192 193 194 -1 -1 
P:  -1 -1 -1 -1 -1 -1 

RRN: 65
Nivel: 1
N: 3
C:  197 198 199 -1 -1 
Pr: 196 197 198 -1 -1 
P:  -1 -1 -1 -1 -1 -1 

RRN: 66
Nivel: 1
N: 3
C:  201 202 203 -1 -1 
Pr: 200 201 202 -1 -1 
P:  -1 -1 -1 -1 -1 -1 

RRN: 67
Nivel: 2
N: 3
C:  196 200 204 -1 -1 
Pr: 195 199 203 -1 -1 
P:  64 65 66 68 -1 -1 

RRN: 68
Nivel: 1
N: 3
C:  205 206 207 -1 -1 
Pr: 204 205 206 -1 -1 
P:  -1 -1 -1 -1 -1 -1 

RRN: 69
Nivel: 1
N: 3
C:  209 210 211 -1 -1 
Pr: 208 209 210 -1 -1 
P:  -1 -1 -1 -1 -1 -1 

RRN: 70
Nivel: 1
N: 3
C:  213 214 215 -1 -1 
Pr: 212 213 214 -1 -1 
P:  -1 -1 -1 -1 -1 -1 

RRN: 71
Nivel: 1
N: 3
C:  217 218 219 -1 -1 
Pr: 216 217 218 -1 -1 
P:  -1 -1 -1 -1 -1 -1 

RRN: 72
Nivel: 2
N: 3
C:  212 216 220 -1 -1 
Pr: 211 215 219 -1 -1 
P:  69 70 71 73 -1 -1 

RRN: 73
Nivel: 1
N: 3
C:  221 222 223 -1 -1 
Pr: 220 221 222 -1 -1 
P:  -1 -1 -1 -1 -1 -1 

RRN: 74
Nivel: 1
N: 3
C:  225 226 227 -1 -1 
Pr: 224 225 226 -1 -1 
P:  -1 -1 -1 -1 -1 -1 

RRN: 75
Nivel: 1
N: 3
C:  229 230 231 -1 -1 
Pr: 228 229 230 -1 -1 
P:  -1 -1 -1 -1 -1 -1 

RRN: 76
Nivel: 1
N: 3
C:  233 234 235 -1 -1 
Pr: 232 233 234 -1 -1 
P:  -1 -1 -1 -1 -1 -1 

RRN: 77
Nivel: 2
N: 3
C:  228 232 236 -1 -1 
Pr: 227 231 235 -1 -1 
P:  74 75 76 79 -1 -1 

RRN: 78
Nivel: 3
N: 3
C:  208 224 240 -1 -1 
Pr: 207 223 239 -1 -1 
P:  67 72 77 83 -1 -1 

RRN: 79
Nivel: 1
N: 3
C:  237 238 239 -1 -1 
Pr: 236 237 238 -1 -1 
P:  -1 -1 -1 -1 -1 -1 

RRN: 80
Nivel: 1
N: 3
C:  241 242 243 -1 -1 
Pr: 240 241 242 -1 -1 
P:  -1 -1 -1 -1 -1 -1 

RRN: 81
Nivel: 1
N: 3
C:  245 246 247 -1 -1 
Pr: 244 245 246 -1 -1 
P:  -1 -1 -1 -1 -1 -1 

RRN: 82
Nivel: 1
N: 3
C:  249 250 251 -1 -1 
Pr: 248 249 250 -1 -1 
P:  -1 -1 -1 -1 -1 -1 

RRN: 83
Nivel: 2
N: 3
C:  244 248 252 -1 -1 
Pr: 243 247 251 -1 -1 
P:  80 81 82 84 -1 -1 

RRN: 84
Nivel: 1
N: 3
C:  253 254 255 -1 -1 
Pr: 252 253 254 -1 -1 
P:  -1 -1 -1 -1 -1 -1 

RRN: 85
Nivel: 1
N: 3
C:  257 258 259 -1 -1 
Pr: 256 257 258 -1 -1 
P:  -1 -1 -1 -1 -1 -1 

RRN: 86
Nivel: 1
N: 3
C:  261 262 263 -1 -1 
Pr: 260 261 262 -1 -1 
P:  -1 -1 -1 -1 -1 -1 

RRN: 87
Nivel: 1
N: 3
C:  265 266 267 -1 -1 
Pr: 264 265 266 -1 -1 
P:  -1 -1 -1 -1 -1 -1 

RRN: 88
Nivel: 2
N: 3
C:  260 264 268 -1 -1 
Pr: 259 263 267 -1 -1 
P:  85 86 87 89 -1 -1 

RRN: 89
Nivel: 1
N: 3
C:  269 270 271 -1 -1 
Pr: 268 269 270 -1 -1 
P:  -1 -1 -1 -1 -1 -1 

RRN: 90
Nivel: 1
N: 3
C:  273 274 275 -1 -1 
Pr: 272 273 274 -1 -1 
P:  -1 -1 -1 -1 -1 -1 

RRN: 91
Nivel: 1
N: 3
C:  277 278 279 -1 -1 
Pr: 276 277 278 -1 -1 
P:  -1 -1 -1 -1 -1 -1 

RRN: 92
Nivel: 1
N: 3
C:  281 282 283 -1 -1 
Pr: 280 281 282 -1 -1 
P:  -1 -1 -1 -1 -1 -1 

RRN: 93
Nivel: 2
N: 3
C:  276 280 284 -1 -1 
Pr: 275 279 283 -1 -1 
P:  90 91 92 94 -1 -1 

RRN: 94
Nivel: 1
N: 3
C:  285 286 287 -1 -1 
Pr: 284 285 286 -1 -1 
P:  -1 -1 -1 -1 -1 -1 

RRN: 95
Nivel: 1
N: 3
C:  289 290 291 -1 -1 
Pr: 288 289 290 -1 -1 
P:  -1 -1 -1 -1 -1 -1 

RRN: 96
Nivel: 1
N: 3
C:  293 294 295 -1 -1 
Pr: 292 293 294 -1 -1 
P:  -1 -1 -1 -1 -1 -1 

RRN: 97
Nivel: 1
N: 3
C:  297 298 299 -1 -1 
Pr: 296 297 298 -1 -1 
P:  -1 -1 -1 -1 -1 -1 

RRN: 98
Nivel: 2
N: 3
C:  292 296 300 -1 -1 
Pr: 291 295 299 -1 -1 
P:  95 96 97 100 -1 -1 

RRN: 99
Nivel: 3
N: 3
C:  272 288 304 -1 -1 
Pr: 271 287 303 -1 -1 
P:  88 93 98 104 -1 -1 

RRN: 100
Nivel: 1
N: 3
C:  301 302 303 -1 -1 
Pr: 300 301 302 -1 -1 
P:  -1 -1 -1 -1 -1 -1 

RRN: 101
Nivel: 1
N: 3
C:  305 306 307 -1 -1 
Pr: 304 305 306 -1 -1 
P:  -1 -1 -1 -1 -1 -1 

RRN: 102
Nivel: 1
N: 3
C:  309 310 311 -1 -1 
Pr: 308 309 310 -1 -1 
P:  -1 -1 -1 -1 -1 -1 

RRN: 103
Nivel: 1
N: 3
C:  313 314 315 -1 -1 
Pr: 312 313 314 -1 -1 
P:  -1 -1 -1 -1 -1 -1 

RRN: 104
Nivel: 2
N: 3
C:  308 312 316 -1 -1 
Pr: 307 311 315 -1 -1 
P:  101 102 103 105 -1 -1 

RRN: 105
Nivel: 1
N: 3
C:  317 318 319 -1 -1 
Pr: 316 317 318 -1 -1 
P:  -1 -1 -1 -1 -1 -1 

RRN: 106
Nivel: 1
N: 3
C:  321 322 323 -1 -1 
Pr: 320 321 322 -1 -1 
P:  -1 -1 -1 -1 -1 -1 

RRN: 107
Nivel: 1
N: 3
C:  325 326 327 -1 -1 
Pr: 324 325 326 -1 -1 
P:  -1 -1 -1 -1 -1 -1 

RRN: 108
Nivel: 1
N: 3
C:  329 330 331 -1 -1 
Pr: 328 329 330 -1 -1 
P:  -1 -1 -1 -1 -1 -1 

RRN: 109
Nivel: 2
N: 3
C:  324 328 332 -1 -1 
Pr: 323 327 331 -1 -1 
P:  106 107 108 110 -1 -1 

RRN: 110
Nivel: 1
N: 3
C:  333 334 335 -1 -1 
Pr: 332 333 334 -1 -1 
P:  -1 -1 -1 -1 -1 -1 

RRN: 111
Nivel: 1
N: 3
C:  337 338 339 -1 -1 
Pr: 336 337 338 -1 -1 
P:  -1 -1 -1 -1 -1 -1 

RRN: 112
Nivel: 1
N: 3
C:  341 342 343 -1 -1 
Pr: 340 341 342 -1 -1 
P:  -1 -1 -1 -1 -1 -1 

RRN: 113
Nivel: 1
N: 3
C:  345 346 347 -1 -1 
Pr: 344 345 346 -1 -1 
P:  -1 -1 -1 -1 -1 -1 

RRN: 114
Nivel: 2
N: 3
C:  340 344 348 -1 -1 
Pr: 339 343 347 -1 -1 
P:  111 112 113 115 -1 -1 

RRN: 115
Nivel: 1
N: 3
C:  349 350 351 -1 -1 
Pr: 348 349 350 -1 -1 
P:  -1 -1 -1 -1 -1 -1 

RRN: 116
Nivel: 1
N: 3
C:  353 354 355 -1 -1 
Pr: 352 353 354 -1 -1 
P:  -1 -1 -1 -1 -1 -1 

RRN: 117
Nivel: 1
N: 3
C:  357 358 359 -1 -1 
Pr: 356 357 358 -1 -1 
P:  -1 -1 -1 -1 -1 -1 

RRN: 118
Nivel: 1
N: 3
C:  361 362 363 -1 -1 
Pr: 360 361 362 -1 -1 
P:  -1 -1 -1 -1 -1 -1 

RRN: 119
Nivel: 2
N: 3
C:  356 360 364 -1 -1 
Pr: 355 359 363 -1 -1 
P:  116 117 118 121 -1 -1 

RRN: 120
Nivel: 3
N: 3
C:  336 352 368 -1 -1 
Pr: 335 351 367 -1 -1 
P:  109 114 119 125 -1 -1 

RRN: 121
Nivel: 1
N: 3
C:  365 366 367 -1 -1 
Pr: 364 365 366 -1 -1 
P:  -1 -1 -1 -1 -1 -1 

RRN: 122
Nivel: 1
N: 3
C:  369 370 371 -1 -1 
Pr: 368 369 370 -1 -1 
P:  -1 -1 -1 -1 -1 -1 

RRN: 123
Nivel: 1
N: 3
C:  373 374 375 -1 -1 
Pr: 372 373 374 -1 -1 
P:  -1 -1 -1 -1 -1 -1 

RRN: 124
Nivel: 1
N: 3
C:  377 378 379 -1 -1 
Pr: 376 377 378 -1 -1 
P:  -1 -1 -1 -1 -1 -1 

RRN: 125
Nivel: 2
N: 3
C:  372 376 380 -1 -1 
Pr: 371 375 379 -1 -1 
P:  122 123 124 126 -1 -1 

RRN: 126
Nivel: 1
N: 3
C:  381 382 383 -1 -1 
Pr: 380 381 382 -1 -1 
P:  -1 -1 -1 -1 -1 -1 

RRN: 127
Nivel: 1
N: 3
C:  385 386 387 -1 -1 
Pr: 384 385 386 -1 -1 
P:  -1 -1 -1 -1 -1 -1 

RRN: 128
Nivel: 1
N: 3
C:  389 390 391 -1 -1 
Pr: 388 389 390 -1 -1 
P:  -1 -1 -1 -1 -1 -1 

RRN: 129
Nivel: 1
N: 3
C:  393 394 395 -1 -1 
Pr: 392 393 394 -1 -1 
P:  -1 -1 -1 -1 -1 -1 

RRN: 130
Nivel: 2
N: 3
C:  388 392 396 -1 -1 
Pr: 387 391 395 -1 -1 
P:  127 128 129 131 -1 -1 

RRN: 131
Nivel: 1
N: 3
C:  397 398 399 -1 -1 
Pr: 396 397 398 -1 -1 
P:  -1 -1 -1 -1 -1 -1 

RRN: 132
Nivel: 1
N: 3
C:  401 402 403 -1 -1 
Pr: 400 401 402 -1 -1 
P:  -1 -1 -1 -1 -1 -1 

RRN: 133
Nivel: 1
N: 3
C:  405 406 407 -1 -1 
Pr: 404 405 406 -1 -1 
P:  -1 -1 -1 -1 -1 -1 

RRN: 134
Nivel: 1
N: 3
C:  409 410 411 -1 -1 
Pr: 408 409 410 -1 -1 
P:  -1 -1 -1 -1 -1 -1 

RRN: 135
Nivel: 2
N: 3
C:  404 408 412 -1 -1 
Pr: 403 407 411 -1 -1 
P:  132 133 134 136 -1 -1 

RRN: 136
Nivel: 1
N: 3
C:  413 414 415 -1 -1 
Pr: 412 413 414 -1 -1 
P:  -1 -1 -1 -1 -1 -1 

RRN: 137
Nivel: 1
N: 3
C:  417 418 419 -1 -1 
Pr: 416 417 418 -1 -1 
P:  -1 -1 -1 -1 -1 -1 

RRN: 138
Nivel: 1
N: 3
C:  421 422 423 -1 -1 
Pr: 420 421 422 -1 -1 
P:  -1 -1 -1 -1 -1 -1 

RRN: 139
Nivel: 1
N: 3
C:  425 426 427 -1 -1 
Pr: 424 425 426 -1 -1 
P:  -1 -1 -1 -1 -1 -1 

RRN: 140
Nivel: 2
N: 3
C:  420 424 428 -1 -1 
Pr: 419 423 427 -1 -1 
P:  137 138 139 144 -1 -1 

RRN: 141
Nivel: 3
N: 3
C:  400 416 432 -1 -1 
Pr: 399 415 431 -1 -1 
P:  130 135 140 148 -1 -1 

RRN: 142
Nivel: 4
N: 3
C:  320 384 448 -1 -1 
Pr: 319 383 447 -1 -1 
P:  99 120 141 164 -1 -1 

RRN: 143
Nivel: 5
N: 1
C:  256 -1 -1 -1 -1 
Pr: 255 -1 -1 -1 -1 
P:  36 142 -1 -1 -1 -1 

RRN: 144
Nivel: 1
N: 3
C:  429 430 431 -1 -1 
Pr: 428 429 430 -1 -1 
P:  -1 -1 -1 -1 -1 -1 

RRN: 145
Nivel: 1
N: 3
C:  433 434 435 -1 -1 
Pr: 432 433 434 -1 -1 
P:  -1 -1 -1 -1 -1 -1 

RRN: 146
Nivel: 1
N: 3
C:  437 438 439 -1 -1 
Pr: 436 437 438 -1 -1 
P:  -1 -1 -1 -1 -1 -1 

RRN: 147
Nivel: 1
N: 3
C:  441 442 443 -1 -1 
Pr: 440 441 442 -1 -1 
P:  -1 -1 -1 -1 -1 -1 

RRN: 148
Nivel: 2
N: 3
C:  436 440 444 -1 -1 
Pr: 435 439 443 -1 -1 
P:  145 146 147 149 -1 -1 

RRN: 149
Nivel: 1
N: 3
C:  445 446 447 -1 -1 
Pr: 444 445 446 -1 -1 
P:  -1 -1 -1 -1 -1 -1 

RRN: 150
Nivel: 1
N: 3
C:  449 450 451 -1 -1 
Pr: 448 449 450 -1 -1 
P:  -1 -1 -1 -1 -1 -1 

RRN: 151
Nivel: 1
N: 3
C:  453 454 455 -1 -1 
Pr: 452 453 454 -1 -1 
P:  -1 -1 -1 -1 -1 -1 

RRN: 152
Nivel: 1
N: 3
C:  457 458 459 -1 -1 
Pr: 456 457 458 -1 -1 
P:  -1 -1 -1 -1 -1 -1 

RRN: 153
Nivel: 2
N: 3
C:  452 456 460 -1 -1 
Pr: 451 455 459 -1 -1 
P:  150 151 152 154 -1 -1 

RRN: 154
Nivel: 1
N: 3
C:  461 462 463 -1 -1 
Pr: 460 461 462 -1 -1 
P:  -1 -1 -1 -1 -1 -1 

RRN: 155
Nivel: 1
N: 3
C:  465 466 467 -1 -1 
Pr: 464 465 466 -1 -1 
P:  -1 -1 -1 -1 -1 -1 

RRN: 156
Nivel: 1
N: 3
C:  469 470 471 -1 -1 
Pr: 468 469 470 -1 -1 
P:  -1 -1 -1 -1 -1 -1 

RRN: 157
Nivel: 1
N: 3
C:  473 474 475 -1 -1 
Pr: 472 473 474 -1 -1 
P:  -1 -1 -1 -1 -1 -1 

RRN: 158
Nivel: 2
N: 3
C:  468 472 476 -1 -1 
Pr: 467 471 475 -1 -1 
P:  155 156 157 159 -1 -1 

RRN: 159
Nivel: 1
N: 3
C:  477 478 479 -1 -1 
Pr: 476 477 478 -1 -1 
P:  -1 -1 -1 -1 -1 -1 

RRN: 160
Nivel: 1
N: 3
C:  481 482 483 -1 -1 
Pr: 480 481 482 -1 -1 
P:  -1 -1 -1 -1 -1 -1 

RRN: 161
Nivel: 1
N: 3
C:  485 486 487 -1 -1 
Pr: 484 485 486 -1 -1 
P:  -1 -1 -1 -1 -1 -1 

RRN: 162
Nivel: 1
N: 3
C:  489 490 491 -1 -1 
Pr: 488 489 490 -1 -1 
P:  -1 -1 -1 -1 -1 -1 

RRN: 163
Nivel: 2
N: 4
C:  484 488 492 496 -1 
Pr: 483 487 491 495 -1 
P:  160 161 162 165 166 -1 

RRN: 164
Nivel: 3
N: 2
C:  464 480 -1 -1 -1 
Pr: 463 479 -1 -1 -1 
P:  153 158 163 -1 -1 -1 

RRN: 165
Nivel: 1
N: 3
C:  493 494 495 -1 -1 
Pr: 492 493 494 -1 -1 
P:  -1 -1 -1 -1 -1 -1 

RRN: 166
Nivel: 1
N: 5
C:  497 498 499 500 670 
Pr: 496 497 498 499 500 
P:  -1 -1 -1 -1 -1 -1 

